6950206019844
2841102019151
5220430014963
3690306013681
6580426012651
1591222014306
6820331010641
5610810013719
6720319012826
5430207016035
5051011011553
6180318015358
4430405017790
5560819010101
5890712013010
4910924017878
3840722011812
2800112010496
6880206010940
4410807012530
3940824017767
4840918016893
3140420016221
5361210014842
1940428010589
4950825014238
6201127011614
1690626014009
2890928012129
2050108011837
3220708013430
1381127018873
1430220019380
3771226014178
2070917019787
2300512016760
1110709016878
2560410012480
2650812012396
1540219018244
5831108016018
2320407019836
2411017017338
5400315017518
1980314013737
2200703010228
6051209012744
2570221011570
2480422011843
4610116016305
3870311010955
1380520015159
1790531011992
5190121014404
2600124015805
4161213018756
2940809017567
2250611012233
6050614018064
2040713015111
2610324014774
4290911011024
6201026016158
2611107017496
2071204014559
3860329017847
1600524017305
2920814016784
6980129018211
5240612019432
2110719017084
5090208010326
1870125016826
2031109019351
3400901019227
3240611017032
2121027013601
3361015011447
3600208011559
3290720016937
5210120017421
5020212012373
1400707013030
3830126019312
1830802013821
6590828012118
4220330018875
5670412017964
4641223016848
1570314015868
6410508018492
5100423011577
3450728019621
2251229016107
2351205017193
6080722019020
4050819015727
1280328017548
4861105016625
1940407012443
6640514011195
1030328016999
2830218019537
5491101018680
3381229019284
1760108018379
1670830015345
4450215010156
1490627015562
5730203019410
6460208019214
4641129015424
5911103010726
5120924016298
3820808011962
4820815019273
2291205012112
5340930014712
2220404019020
4050322014816
1430528017064
1180720014753
6160531016870
2561111013425
2830331010726
3080602017012
5070408015107
1721221013424
4480509016125
3601102018628
4511026018992
2710331011871
6870723017443
6110425011065
4830523014724
4080709011131
1850402014967
2511227018668
3561228010083
5510126011683
3391115018502
6961002017357
4590628013677
2490224018917
5220506012168
2401126015817
4721215010482
6030401019606
4531010015536
5340920019784
5540902016032
1750613017973
6570914012819
4720516015031
3820616015436
3570705015637
5241028010954
4011227019464
1560405012573
4141012014736
6700810017770
3810525018536
5770313017908
3810609011477
3770712012197
1090625018592
2190823019562
1400527012751
6790429012343
6051124018992
4110802011174
5850208013570
3140608017320
6110220014869
4530301016526
5021115019945
1120626012234
3680207010666
3570816019657
3380707012916
1850116010190
5451005013057
2711120013701
3030714014684
6140523018748
2830525016570
2711022010104
1280309011910
1550621015531
6350228019304
4461219016785
4590828019057
1661230018634
4120117015145
1531121012140
2640226019737
6461213011126
3770226012522
1500326017192
3541022018171
4181119015016
4620705010730
5060626011912
3190813013545
6760128014551
5880305018240
4360510011726
2851115015354
3660419014840
4890308018647
6220919015191
6330525012800
6340820012452
1710704010032
3730624014937
2000227012835
2520228019703
5140720017034
3780117016122
1031115016792
2850422013835
4020515014628
4030307011724
2880718018939
2030225016974
3100915017655
6780824012879
1700525015744
4360320019206
2270703012955
6160303013987
4180928016162
5370804013837
4100508012155
4150315010973
6590613019477
1920518011880
6910313010663
3630507015994
5830824014898
3660307018943
5660608017487
2251111019179
2591009017739
3230623010187
5650429012168
3250923019763
4161015017261
6661127010197
5871109016868
3650408013085
1830215010829
5890604011943
2621114016707
1821101011172
3990707013002
3781129012067
3550920010440
6770112015298
5530801014023
1490109011632
2700617016882
6041003016761
6280928019550
6790904014128
2340428013543
3360930013397
3320809017448
3211012016375
3731118018762
6870423012795
5130701018990
4430315014484
3391206011329
2810125013111
3230930012550
1100120011881
5510926010040
5020702012265
3540219019572
5460801010910
4090514012228
2600525013382
6720608019046
4210424011904
6880911016341
3600125013570
1490609018857
5190302017566
6540204011078
6570515017237
3440815018684
5570312010529
3960813013201
4031208010737
2331126011154
5120206015806
6930325018294
5701101017381
2220111013035
6910416011163
1860218012332
2350630016990
6720814012804
1590806014269
6680616015566
4480110012423
5450225010955
6970628016436
5340617012747
6161217010462
1810707011011
1011115013833
1390226016208
3730301013660
1300715019688
3490315014535
4920513014420
5990517014590
2011020015236
3260210013466
3700811018534
6220222012320
4931203016679
1591027013444
6460207012465
4400528011596
2380116019850
3410403019932
3960211013171
2891126017900
4290720011698
6470822019902
3921222013506
6360729014947
2360625014029
5690519015669
1451129013879
6290126019271
2460724013040
5601013018719
3770924012068
4770505011636
6850910015505
1220612014724
6280826016127
2860718018164
6900608019454
2770623014412
2480607019900
3670309010398
4110528014193
4100317014952
6291203018974
6890413012414
1190820013032
6670202016331
4310107018831
3030512017211
5470831013412
6511003012658
5350815016741
1780429015540
2990331015953
3340523014776
6041027018499
6560320013239
1740310010823
6780511018856
5360129010229
1050614015425
6160725018653
3680115012431
1620309020017
2640421018252
4710104019431
4210920013841
4691226018329
1721018018297
2990222015649
1100602018546
6850207018911
6230104010230
1770205010302
3470510017195
1960626012593
6850210017074
5930309012873
4350812015510
1081127011268
2801212010173
3430210018448
4350420011255
5551130018881
2450823014218
1340923013272
1050828016536
6210629014310
5320825019112
2221105012060
6921205012386
6491208011906
4391006016691
6960415018971
3520905016422
2550901015790
1780914014180
6160816010398
2890414011590
1401209016595
5681010016544
5410330018271
1440701013346
4570504014647
4691015019730
2200522011922
3731105012236
2410531017753
1280825011028
1001208017334
1360725011922
3880130014162
3250318015678
4090618013873
1680809015126
6930930018094
6330715016311
1850902019841
2921002014513
5190428016831
6430502010210
3431215019611
1250221016187
6050509015760
5381024012452
3380104011267
3380914012097
3280706018540
2100702010562
6881129015511
1750220016729
4961124010937
5000301017017
1650405014026
6030914013330
3701219014610
5000720010654
4101208018743
4360103014121
3710714017457
2631027012125
4230220016501
5471030019153
1890613011142
1031026011518
4630211014200
1880225015939
5130315014258
5320602011670
1540829013088
5200517010155
1551207012226
1640227013092
6261213012112
5360228016156
2570331011460
6880315018387
4440202015806
2440919013312
4990315012045
2970102012628
2080101018245
5490208011636
6150925012973
1690327016202
5320127015529
2700709018348
4810111019011
6980102012835
2880422012029
1350211014029
2430303011274
5280511016824
6920218016639
3480819019423
6550107013217
3580423017200
5040126017351
3900215014159
1680610019256
4770114017322
1981004014331
5580301011009
3370120018675
5500416014832
6620420019254
2690224015861
1670103016148
2701130013521
1660320011198
5120420012419
5070614017244
4710327015041
2930704014004
4610725018741
6480417016474
6610827011592
4750212013956
4851101011762
1391119014557
3670126013780
2980307010983
6671108019566
2250914011585
3520208015138
5410329011788
5650430010797
3300318018431
1120416014310
4400408011413
6930308011356
6530915015808
1220222015050
4200512015738
5190415011980
3700803018994
2410403012926
2950419017554
3021212010662
5620508015570
6501120016301
5620602017062
2870222013060
6960902014676
5170722012295
6260730011922
4240622015037
3861226010903
5801113013403
1841015013439
4130718017412
3530112011768
3310922017992
1060103011338
5540118019460
2130617017307
3431203012759
3471012019913
1630725015366
4570304019323
4480414016065
3641231016633
4311127015618
3750824017463
1840301017227
4961001019872
3870211018793
1800514014382
5850506011176
1531128010885
2430710016977
6430216014295
5520325018479
1540308013462
6921022010561
2420929015493
2180421019408
6941001016937
3270802011046
5330405011200
2200918019737
1650204018947
4720624017885
3200906015070
3980123014905
4020919011958
2861224015736
2051001013450
6910205015668
3390418016180
2880421017040
1200210010589
3030329016710
4920918010111
5950212012991
2620107012974
4211214019675
3081211015066
4120416017665
3840319014639
6120613017554
6530312018914
6630206010270
5031101013755
2640214018858
3470222010109
2950512018470
6831104010540
1430601013344
2140222014523
2680613013737
6510220013648
1180504018812
2450211019159
2290726016259
5880223015019
6590929010994
5401117019130
6190505014332
5260311013336
4470125016781
6841001014831
1481013013571
4870401013419
6520916020025
2440109018903
1510105013913
3990330011936
5660617014451
2290314016353
1760723012521
5801216018054
4260407010843
1230519010604
5160929019545
4881230015120
2990802017049
6940122018841
2521027011120
3091023015325
3411217010681
2070806016456
4560812017853
2830804012700
3060307011728
3410724010459
2531114014830
2430513015876
3030725012348
1440317014293
3530912018895
4610417015387
3881027012434
5190612019067
2380716011398
3730107010325
6351002019721
6380520019739
3080926011489
5410926010544
6710302019387
5860426016038
5011202011024
6151017013552
6530301011198
4490410012025
4890404011648
1340825016333
4511207019287
1691110018700
6901213016376
4370112013907
6620818015000
2820908016989
1900822016343
2830321016821
5290311017409
1980102015049
2910813019157
6691219016241
6280505019517
3810420016730
5360913010937
4431123014359
6250104019430
3761227018474
5791102015209
1030818013495
2290504011786
1050724015686
5010326017798
5261227017661
2611213014739
4321226010627
2950215016927
6420425018401
4330118016835
2521019012831
3070728016583
5530306014833
4460102016685
5250213013683
4310214010453
5261130012447
6011227015047
1180426012148
2540425012820
4151212011545
2120820011353
3810203018777
5340626014916
1221018010912
5120812016687
4070731016174
3210907018400
3690817011844
3871001018734
1400424013579
5060921013240
1210217019270
6070627015515
3931007018412
1020122017330
2320302010551
6530426015537
2640916015067
6910903019543
4500214017009
1890811019284
4020604013984
2571007012058
2370620015452
4261031016797
4740725014897
1301022019085
4700111018831
6600904017235
4480921010354
4320217016665
5640715011456
6100105019111
2600501016917
2200828012855
5890103010947
6600505017511
4630412014765
4080725013702
5180424015983
6870630010433
6440909016024
4470623010532
1330223011295
5610118013474
3680129016473
1850927012382
5780718017246
3351207012393
6700216017320
6670706013137
5550419012862
6721008016771
5100926010876
1210425013074
3120722020013
4610515011887
5001030018387
4690504016371
6620221015416
4121109010759
2611013015703
3901017017365
4850426011027
3940925012685
1020116019952
4650330017264
2981111017804
6671209015463
3101213013553
3170430017160
6311111014669
5540622010574
3531229014647
4250504014372
1250408019399
4320614016385
5710426019079
6040122017785
6460209012030
3211020010930
4540711016747
4540802017367
3391121018567
5940619019347
3620916011971
4570311011807
1250221016411
5371121013808
2810915019539
3700521011244
3150704011997
4670816019321
2140103018828
2510705015103
4080101012039
2410713015226
3990615018782
2620411017988
1100828015182
5371121015597
1691118016537
2241028018656
5830224016916
5630407010687
6230331010658
5100225013445
3560206016747
4370225015062
2460513016432
4671019020046
4340404010321
3430906012206
4441102016008
6580716012036
1480910015036
3180313014753
6341221019723
2460606010888
1241206018732
5710921018041
2700219019064
6420209015025
2690802019171
2490929013465
4721112013727
1250330012746
6860922017882
2760730018583
2060414011276
6330818015808
1890228017934
4190327012174
6800206018266
6051110015580
5770808015893
1130123012552
2410515015832
3250414017677
3800821019636
1860902019249
1520709014556
4171210014335
6011111019862
4531010013220
5770609013150
2290317016547
2820107014159
6530814010722
3571215018369
5610529013985
6990201017639
3430124016101
6640704013635
1140528010571
5490613019045
2930201017293
4090716015033
1020313019457
3950207010789
5210407019881
3720306010942
2351104011319
2770701012890
1070829015773
3600410018247
2270212010801
6960105019843
2420322012319
5650314016075
2500301011020
3481228014099
1060203011798
5110204014802
6330830018469
1450307012324
5561016019853
3000514010260
5900102019161
6240329014220
1050728010202
4350710014754
3130620018009
6491005019035
3580211016012
3371010015245
2971118010107
5920121012403
6180223013171
5740503017996
4310325010939
2801102017593
4220909018450
1000318013948
1310808019468
1560819015528
5481107012701
4891218010234
3100110011085
6880520017193
5900224013226
5121121015377
6730323012767
4110513010554
6800804019563
3670120019611
4440307016433
4330627015132
5590618012138
2221107019383
3610210016255
5300821016114
5330311015527
6870908018080
4800421018386
4151012014026
2500109011489
4690510019494
2670516014412
2491104015508
3980317019298
2371118010303
2881012014126
3630402011479
4530408012240
5130226011311
5741225017829
1410504017998
2350311016549
6420723011441
2780424013075
2450429012455
1890306019744
1580223013877
2131230017692
1210819010515
3460801014251
5010501014184
3861226011713
1130125017603
3990302019552
5140714015331
4290725012548
5731031013237
2230411010462
4580813015415
5660622013367
2650529011738
4190805013321
5981119018715
1410915019299
4080315013091
2790517015990
3781127012783
2870510011304
3020327016079
3920223017701
3980928016147
4730725012277
6340814017414
3450801016050
5110816013474
3030330010731
4260416013240
3100629012404
2170118016587
4270504011415
3241105016493
3070813015454
6950616015184
1360829012862
2451030018125
2310716012842
3730410017373
3850204017825
4770609013395
2620503016934
1341208018733
1040628014485
1970325013580
6341222014372
2380430015821
3040102012718
3630316013305
2130304011116
5350905018754
6450715015438
3190519019374
1501003011348
1230914017228
3490822019442
2001006015059
3960325016628
6971015018038
5330306010043
3361125013809
3680722010668
3600503014369
4750110014019
2041228017027
5650814013751
4530212017877
4230925016636
2751027014914
5270124018511
5320405014314
5270621015196
5960704016519
4740625019688
6320315018791
1700723013226
2051225015616
3410913016353
6841202018794
1800722012717
5351211018732
4170811014923
5011002016890
6101108013144
3611223017463
3620613014867
6661001013562
1220521014723
2970630012410
1250502016582
3930525014232
5030212012284
5740527016597
3500524012806
4501030013722
4270612013788
5810729019187
3271016016262
6520828012627
2360610017441
5881116011412
2871003016162
3701001013012
4050803017263
4450602016230
5420221015426
5410313011860
5100223010563
1600328015463
4180731017368
5360606014635
2680227012781
2230729019696
6760220015791
1011024014664
4470406019797
3371122019600
4970722015979
1920217018277
6930719014218
5230814018537
3631031011243
1331008017314
6500410017494
1300502011158
6740119019811
4020728015499
4270428013321
1350112013217
6241119016108
1930212012862
2580623014042
6480403017874
1210828015094
6930816011134
6501105017810
6280209016741
1700712012906
1530205016528
2760606015997
4660710014532
4680214014904
1280104011308
4150712018578
3001209011195
5740307011342
3140507011503
2750314011933
4380726013449
6661215012601
1940427017606
1320312018917
5900326017424
3880512017652
2681118017639
5241029013734
5450925018430
5040130018336
2390520010525
2640524017411
3391018017290
5681009016877
2221207019810
1790221015834
5270607017336
3970419013406
3060502013411
3700317014362
3290606011039
4730818019309
2400803011276
2751122017823
1460605018962
1770824011670
4530616010362
5961102018121
2200323013822
2950813013636
3360205019747
4420417015329
6520810014071
6330213011244
6331007012583
4300530018516
2440314016754
2261213010993
6580109016877
1481029016234
5451022010558
5981212018709
4360222013403
6540329018183
1000906016908
2460921011428
6090310015170
6450427015370
1250717018603
1250622010546
2150625010347
6940730017777
6150704013126
2491105010089
6520708010073
6740324012646
4250810010840
6810717012268
4290909018389
4491201011111
2240115015750
6170817010220
1340205015087
1650115015631
5440721011708
4810914019900
1750215011471
2611211018414
2470712018436
6271226011430
3341008019837
6411002013174
1860311019118
4770904017566
5950807011743
4171025019432
5460707010366
4620302012828
1090325013202
3071109010044
6710916014606
1800904017377
3980801011108
2870302016578
3670518020037
1260603012133
6380402011989
1210323016197
4290113017028
5350122016664
2990320010228
4691030010090
3171027012718
5761212013039
6751113010730
1430930011088
2871027015448
6001224019956
2560910014263
2600205014020
1210615019250
1360119016610
6210712019837
2840615016751
6930912018094
3790901015134
1101023019332
1600615014338
1770208012823
4130302012464
2160413014121
6131009017184
6380801018325
1730814011856
6070211016584
5470314015669
3130418010772
1620808020032
4910222010827
4440820017994
2390407015422
6590808010777
1830523011516
3740209013343
4570528011358
4310205012332
2040330011058
2980429018906
6221020010260
1061213016952
6050723010707
6271021011996
4630704016490
5030920010288
4500704017024
1881228011436
4151007016440
6960223016753
2220716012818
2120805016192
2621105010319
1140606019443
4221115016269
5250729012134
2640506018715
6850526016239
3560618017138
4051127019265
5530201010252
3630301013815
3530403011738
6560113010684
5620209016119
4951209018733
4471227013760
1870719014934
4870918018652
4051218019143
6480622018889
5811228015751
2430628019573
3661115011025
5510217019714
5910104013136
2690817018422
2191026016419
6070603012383
5750922018476
4670809016849
5560226012925
4120902014886
2341104010991
6970108011907
2490224011328
5010324010644
4290904013335
5561030014675
2270313010713
5120809015580
2780505016706
2780118014963
1410106011092
6480102015710
4820323014508
3110906019063
3420915020031
5150226016116
5900220014326
1410217016337
5651027011408
5550821012185
5980829017811
2730124019003
5500602018216
1600419018232
6270122017206
3741230018062
1190813017782
6500811020028
3001226019830
1220323013296
6521124016621
1061010017520
4170328013431
1110907019993
1411010017262
4401217010277
1491208013723
3570917015251
4331012019046
2441126018971
4210317019509
3980805014093
6410919010951
5981111011465
4810306014475
1550502019812
6850714013742
5370406012937
5550828010752
5670203013273
3571229016282
5020918012184
2220713012220
1151123017896
5230816019461
2060127015314
3660331013507
3361010010823
3700722019973
2880116017337
6400315019218
3410319013708
2310908015824
2660614015086
4730310019307
6111106012219
3440219017064
5180719017217
1480322013865
6470604011723
2421214017259
3380709013886
2730511014035
3710301019203
1410328014742
1350503010624
5590210011483
5590715016812
4460224014868
1441219016556
6680109015361
2010915018879
6381215017941
2970110016530
6300629015625
1881125014277
5600725014456
5260321014494
4390725015640
3140101019727
1560920011517
2680512014837
3101103012111
1301019019282
2450303011221
6961108011874
1400727017130
1420618017015
1281123015931
5940527019749
4171214018330
5510726018652
6631203013833
6970201012173
1261125012537
4630422018030
5160914016549
2320212011192
1990710016234
5000713019022
4030719014466
4370203012369
4030222012363
5511204010726
6580927016907
4190513019536
5591224011052
5741204010461
4400502018024
3630317013082
3640727013672
4280104011930
3060313015088
6570711018945
5520706010373
2040419019904
6670421018505
2750813013680
3810329019326
6880612012056
2590404017267
2730322012964
4800401019587
1240622011164
2990409013911
5570106011384
2500422016481
3610107013896
5640510015620
5800918012741
1451123019060
4460805013984
5461011016528
4471225017716
6250727016910
3031017011678
6140202014255
3610713019940
1690203012786
5310925011833
6040418017940
6650106010227
4921103012695
4720314016035
6140630017105
2330809012083
1060212011732
3150506011358
1150416013325
1470309010541
1730329013534
3360414018478
3941106020009
4701120015660
1060928018841
5920504017593
3490725013067
2120208013915
3300408017788
5460326010789
3140904014011
6070426013218
2170507011237
2420605017104
4460222018668
4931127011014
6040124020035
1000713014465
1031216010406
4230616019570
6440204019994
3221003018031
1130406010374
5830910018641
3911114012045
4350801014261
1750227010967
5060103011465
2620209015060
1310211012135
4390607012726
4070825018147
6710630018570
4201102015027
5851219011942
6930118018933
4460725018845
1081223018011
4310810014705
1121103010313
5200616014967
6940825011978
1930506014354
6950922012440
3150722014787
1961027011722
2300611016828
6251025014744
5641026018852
2731227018134
4620214014472
4861205018101
1300923014728
4440715019854
5550218015726
3751119014017
1950911015188
6481222019876
2170323013301
3610106013401
5290722011117
4560103014505
1660218011193
3400310015577
4160917016639
4280204018993
5561211017545
1870519011211
6470919011587
1940801018043
2610305019576
4151218016420
4721216018245
6010328012034
6850902013954
1811215016485
1301122011616
5710614016356
3211023010821
5311123017303
2121118013121
4830517011849
4160225019669
4360326017761
6911215013611
3180103013321
1470329019010
3850103016317
5670323010767
6280405017740
1051022010089
5381211018478
6141121010588
4821224011227
5031216016339
3101216015995
3460530018926
6070429012411
5581115018584
1050619018938
5731224017704
3700328014746
1680423010945
3440319013632
6270815018475
1910426011137
1800612016181
1831129010215
2381204011437
6660119011894
3010313011562
5340326013273
4420303015582
4090818011458
3150329019863
6340820013879
5630725014402
2780502017524
1950131019175
6430209015860
5910517018507
6880808013422
2580731012152
5520524016344
1810815019853
2970320017233
4170901011898
4921017014040
6530119010564
3090427013420
3820826016047
4370524018122
1670822014624
6790324018431
4481024012059
5320410019440
3191116018400
4910106015194
1990705019287
3551108011798
4800510011670
3711225019457
4040323010913
5301130018301
3500221011889
1991120017209
1810911015666
2150719012869
5440317017625
2781007012812
6320505011616
1411112017623
5490104016243
2230908010315
4780119012940
3780405013038
3570823012266
3770426012884
3551103010590
6910330010550
4620112012118
3670814013413
2090220012365
3930910011027
3821125012697
1010920017783
6591011011350
5780224013017
5890822017569
1100721015589
5660216011959
6280920015132
4821211012931
3650917016317
4250918010713
2320323016200
6760205014659
2450608017918
2520805017893
2850223018984
3740104014832
4160113018405
1440809012062
3031213019381
4510812015609
4411218017881
4340925019059
2140118013603
1780704014548
2211206014388
1700429014667
3800323019308
4850905013909
3620611012784
2730424019390
3020528016172
6860109013818
4700618019820
3710525015701
5150203018091
5980513017834
4190705014536
2180506014284
5581017012445
5971028010448
3570510011370
3040527016061
2590203015644
6870430016944
5220624011818
4980328010360
2461116016746
3160205015829
6570927019650
6810907018286
4191226019966
3380116018580
6200227011862
6250524016771
2330930013426
3470908017013
6630502018244
4890727010262
3630904016017
1540327013182
6870101018491
4170728012559
6750531016640
6720510016230
1070219019344
1130110017430
1380412012246
2060101014722
1070812015372
5011116013838
1280204018204
4770827013465
2440720019769
4780828010262
3631206013350
5910315010159
1390328018237
6580121013666
2100903012701
3961129012236
5580125016705
6300213011017
3231206016707
4200522015098
4660428015260
3260628018304
2090708011024
1380726018642
4340626010215
5730611019751
1730913015904
3961106018303
4280819011302
4180620017477
1790320017208
4321022019764
4880814015138
2100903014016
6250317014130
1850130015024
5501011017155
6151215018219
1080519017862
6710127012227
4401025011420
4440928018128
5961003010506
5101020017364
1150121015105
4590220015544
2720724019550
4540105011851
6240412015697
5990517014860
5780121013432
1870216010529
6060201014255
3030810010295
5530807019317
2040829011205
5560325013814
3130730012861
1311115019930
1361010012000
4340313011411
2400613010610
4750429010221
5591127012953
6020511018718
1950626015057
4860828016761
4990305011256
3271101019058
6711104016822
6980415017026
5510508017638
1741110019653
4250512017060
5250201010879
4750630019786
5680710012814
2631101013914
2740827018970
1590425010677
4840916015958
1800628011027
1521123010721
2630826011062
3490323018571
2940511013990
2350307015788
4380221017184
3120424012421
2061130014960
6500906010835
6760220019705
4981106018642
2820724011710
4630116016307
4510228016532
4161019018031
4100928011619
5280904017438
1750909016778
3760216018324
4630301010433
1601106010756
2940122011931
5751226012075
5020526017757
1190221016157
5040815016759
2910101013420
3051218013180
6990614018121
2970426015293
5940825010728
5150326019750
1690205010999
4870730012120
3370618016009
4620527017897
3340921014969
3890825010596
2850402012439
5191116016749
6461114013734
5140519012869
5350512015071
2231223013254
4910317019696
2750419015829
6030610011163
6590912018803
6700418014027
6481116015178
2150531017058
6770816017849
5061020011475
2870507014460
6990220016031
1221231016625
6741125019943
1130419018891
1560723014903
5031221014445
2070309018535
3920903010038
5451023011290
3540829014124
2600721017542
1890108018574
6710413010561
3731009015747
1091227014049
2681224014737
2101109010821
6110513014784
2340124010623
3610926017090
3400826010573
6210618011193
3211224011050
1021123013137
3220121011382
6071002010656
4930517018137
4100507012042
6141109016218
3241216018746
2501106014771
5710313012291
4180822010889
4800721019098
1321028019431
4590810017966
5230915010428
4670924012009
3970302018110
1290608015054
6070425019168
4651126014186
6091028010699
1000206015968
4870201016029
5760124017448
6060605018120
2520706020029
6300712017150
3200819012127
6950102011058
2010323014497
1200318011028
2360611014494
4820501017935
1350217017508
6880327012011
3670802012433
6090929010225
4430721010145
6210902016868
4520318015152
3150119015632
4140128019904
6330208018435
4581208013368
4600105015347
1070528019885
3280816012872
1930401017619
2860515010364
6720902019043
4040702010736
5270625010296
3410103013229
3130309014147
1300110018564
6620201016551
2020310016990
1601123015760
3971007018754
3651025011325
6560808013586
5550114011965
1590606011578
2770331019705
4620227011372
1920218016232
4560127013253
1101120019901
6540526012613
6470920012097
6800426011790
2630812012754
5120604012122
4420505014574
3820310014088
4590212013497
5320508019593
4630828011211
5510531014552
3280917012549
2971029018700
3070214013614
5851011010525
4020213014656
5150508016266
2370622018602
2280720010795
3221230012811
2790226010982
5840624010882
3810218011844
6260723010453
2520303017201
6650726019848
6621005018736
3400914014911
6361203016443
3860808019671
2071126014415
4120118014347
5150604012696
6260428012038
2761218019070
3301212018076
6760517013967
5991002017504
4281111017665
1600227019195
4580405012556
5080913017987
5070716018942
3200508014019
6671125014525
3040329014114
1961218011074
1800304011218
2740315013856
6971227013598
1731128017356
1220706018251
2680213017838
3180502018331
3890207017327
6520910012182
6740116015086
6950907012812
3720727013772
6810112012448
2140519012552
1350106010937
4590414013016
6090826011571
4640417011645
2640529017697
3031212012318
2090326010616
1610812013728
2811016011300
6570706019590
4421127010716
1560321013200
1761207013913
6761007014502
4210627017254
4320820010714
2820226017713
2980726017027
4141205010398
5490312017671
3080808014805
3930622012520
4360301019890
1271016019779
1840916019002
3700827011433
6780423014494
3060515017184
6950125019822
2680714013289
1620627012442
5320426018927
4641006010211
4740807010378
2291105016407
3881122018706
5300713010738
6641209017462
3100902015728
4891209013933
1241016017785
2860710020020
6060302013548
2170815017884
1490322016577
4720805012106
4121029019488
3600415016485
4460530019603
6760518011314
6960217018881
5280125016724
4840103010412
3180225013541
1910428016715
1921101016931
4550518015392
4840115017446
2071008019072
4481207012982
2020407013612
5830803019070
5750214016736
4260218016926
2870804014842
4711119013812
5830714013423
4210120010819
6791228019414
5120826014589
2021019010183
1001019010617
5801130018530
4310904015543
1340408016631
5520330011995
6551129016372
3691212014870
4250602012828
3741029015559
4760524010949
3140709010719
3980710013234
5780928016909
4331025010535
4630830010563
4620318016038
2200613014713
1761030010085
2380712011315
3810625017178
4101017017007
2600223013041
3370731010102
2010404013755
6610322018982
5040505011761
1521129018500
1340826015735
5860115015827
2860903011713
6010328011527
2940416016246
2681129018172
1110709010031
4750122010604
5900427012939
4850804016866
4380105012057
4200120016306
3050822017151
5470703014479
1240201014687
4750223014228
2680125010831
3721209016198
3720711016667
5620629012874
1570114015631
2071102011889
4100118017179
4750523018652
3721105017429
1320601018077
3720430018353
3510329012417
2920119011687
4540205010166
3110615015313
2480518019273
2110629019231
1121223016026
2560626012344
6660119018396
6291231015004
5680402011699
2371205016912
3600409017972
2911203016315
6640927018458
6680105010734
3420402014725
5651216014042
5741026017740
4570820018336
6220708014713
5390515015583
3870307013939
6390911010680
6610827012178
4650808012460
4190407010430
2410315012052
3001018013509
2560215014384
2720727012232
6730602013072
4810228018403
5880217014664
4660528018319
1410202019097
2710407019714
1140211018118
5700729015719
1390524018492
5040915012710
1190730017510
3280627012905
1310504017918
1710520011220
4680430016188
2791202011618
3320508011122
2940921018135
5121117018879
4590108014660
5040725010123
4590107019271
3790617017612
1130823017935
2810415019457
5190408013299
5090824012591
3180924015762
4230419012597
4811214015139
6561204012833
1840512011008
3080101014622
5710114011524
2021011011995
5150922018593
3121116018090
5380602014354
1490929017512
5880314015573
5360416013062
1061208018633
2010209016278
4320709016210
6910302015688
6580210011450
5331206016958
2390714014648
1750319017651
6901105011630
6400812015139
6810825019152
2861229018465
5821125016457
2340327013473
5400501010442
6350520014215
4960910018429
2380510019185
2471202016844
4590107017337
1630527019460
2990210015545
1430203019528
5660606016989
1480110015829
3610816019292
3080830019974
1620603012436
2780826014945
3530526013689
6120506012348
2521231019542
1950901013510
4230506016183
5660301018557
6811202014574
2610410010362
5300828018259
6800512015588
5200620017212
5250608014165
2131223017123
4681125011444
1450111018066
3100501010470
3600301012194
2590708012269
3390806019823
5980601011411
2471102011004
3800624019784
1430706013506
2710219017197
1610814011831
1750205016811
3530113010274
4660906013404
1601018019034
1880529018016
4841111016071
3280308011037
3120410019245
1421027019890
1030208019327
3060916018436
1920914018551
5060903011563
5990301013962
4610429012196
5940803012333
1600417017879
1321220015724
3171223018454
6390113016904
1200106012977
2721112011813
3980129015251
2650705011532
1920729011884
4010717014732
1520419018512
5290710017726
6530430019883
5080218012251
3561225011441
2910710017094
3720921019280
2490204015385
4540923010217
3020610013038
6000404013264
6661226011042
6480603011488
5470324012823
1871122017489
2220424019619
5230409018232
4710722013543
6401025019544
6910423016199
4260727013039
3280117013327
2360923010182
3550409013287
2790627015013
4080427016458
4060128018432
3171118016657
3190519010431
2890223010229
6060503015428
4570617013337
6860707016735
1000505018310
3940509016351
1340723019489
2390806017787
1481228019686
4240329014578
5290728016128
3391224010730
4460703017862
6660721013614
5511013011029
6090822010667
2270508010574
1780628019027
4860725017319
3091129019843
1870207010428
4010722011308
2750108010595
2401005017637
4830328011129
6760429013833
1540808017403
2620410012095
2230410015409
4911010017461
3710715013013
4400706019053
3340712017735
3561210019002
4181106013708
4140926019473
1730929015239
3871105017503
1970905014563
6880604012718
1450113014681
1800520017415
6380826017500
2580410016284
4861003015577
6850201013777
1300802011049
6040506011605
6510427010048
5060217019187
3830318011621
3010301016228
2940604012230
1971022011112
1021005018690
3171224013652
2870920015247
5690420017008
1150516019892
4641013018083
5440206014127
6230711011380
5200314014558
5520407017299
1460510012591
2960825013440
4430425010326
4820902015523
1040530013116
3370604010226
3891005011632
5270711017244
6120730017576
6991231013584
4680411011327
2050808012698
4920509012120
4861114015591
4040607010178
5661203019380
1330815013888
1490820014330
3940220011402
1381014012469
1390208014408
6171121010457
2980629019729
3080807015436
6801021013527
1811101010260
4690825011506
2461210017393
4360707013132
1110823015145
3150401016447
2170419010629
6721115019235
3440313014807
5900201013827
6970131012522
2960531013153
1280131013828
4280313015598
1170709019641
6940524015260
3040719015838
2870716012774
5411229014231
3590507018429
3550109016557
1320524014156
5120109013538
4100105017860
5090114018903
6380723019408
1660320017845
4740927016488
5130905010584
6030112010642
5170211015561
5270622012811
3010923010344
5630309018920
3290427018719
2991223016729
1181120010643
4560117017120
4780325019195
3050322015906
3830701017243
1651231019398
1240704018082
6830406019496
3390326016448
1120224010573
2720716012184
3990728018383
5130915011676
4840503013296
2000805016727
4090507014085
5840626018341
3300617015597
5320506016531
5340418017380
5021226012829
1750913018134
6380616012538
2220122011248
3480404019066
3961027014481
6640608012066
2350609020010
6640726010636
1880128018103
3500609018256
1960417013028
4390606019543
4930822013368
2130428015463
1980902016708
6190326011690
1390912015635
5200516010367
6220817013983
3051129012314
5320512018767
1380924016572
5770330015310
4880511013681
4690416017677
1091026014843
6520509012175
1861212011359
6301115018228
1161024012321
1010915011691
1390629016406
2180309012979
3811212015079
4161120010969
2340114017146
3590320010943
2700223010443
1640217019154
5350211015111
6520921016434
1390213018959
1810915012274
5740714012345
2031121010213
5520126010178
6941120010338
3660801010877
1671111013189
3280119016973
3420823014273
6200201012339
5340204017125
2460823013837
2850814013906
3561130010411
1281127010089
1080425018117
3500327014405
2150719019786
2190901011786
2600313018338
1520721012335
3501218018971
3171130014133
3080221013411
2200221016194
2570310013222
1610822014888
3801130013558
1360702016777
2730217018714
6961129018513
5730428012199
2421129016935
6291110015720
4390601015510
6520108018064
1640701019701
5970804019028
5350226011326
1610422012423
1001028016579
2390723017976
5761121012351
3500602016280
5500812014507
2790728018683
4050211017458
5120510014096
3361202012075
1580611010528
1820909012963
2180427011351
1170305012075
6891018016734
3690713020003
4480615010062
6700416019706
1900718016582
4021009015156
2010317013521
4420408012304
5311018016305
2580511019234
1320626010783
6170412011605
6030911019232
6770422019923
3950120012572
5080810014554
1070426019026
6470611016636
6710702016658
2331205015459
6981108013033
6540428011027
4160815012902
3210410010673
3200512016479
3490617013460
1701214012489
4170301011477
2781010012224
1320108014659
3790804010851
1670907020004
1451116019859
1081222013086
2111127014940
2220715011671
4590503019831
3721222016799
6160603013193
6600125011189
4711231015730
5720730015658
2921028016951
2020930018776
3351028012798
3070722015508
2111217014815
6760913012854
5670829016257
2910917010445
2041122018952
2310819014117
3101215019030
3190310010084
5650629018837
5440823014613
3380306017536
4600916016997
5990819013381
6590716019549
1170527010819
6580620019384
6380420019334
3760717014069
1460922019741
1560916013851
5630528016214
1200714016121
2450203012849
6311002012835
6790314010850
5520212012165
1810515019883
3280906010106
5580322013025
2641115017252
2850828015733
6350630011227
5610306011627
1001114010580
4560831016684
6070719019025
5390201010895
5350802010718
6730825018813
1560303017070
5540916018318
6881227010057
3700220015602
6001201018748
1471209016209
5190527011209
5690210015859
6040614019154
6560523012500
3190703018502
2370418014748
1610720012031
4950518010222
3010605014064
6750815016744
4720428014671
1230523019531
6970723015128
1300420019525
5730221013314
2530311015794
3120929019214
5330218011674
1060719016580
5631002019745
2810428018493
5030410016804
2220930014359
5850620015120
5430906016034
3360226010662
4390501017254
3410913018254
3520906012735
2381103014135
2470723012733
5490914010560
6560813015966
1520110019771
5030826017772
6320629013368
3640609014358
3511212018909
2021006016657
5730701010617
5811207014938
1971028015829
1080125016617
3250327013048
4810204019881
5740116019482
3920504018537
6860816011641
2400809012810
6741114018514
2761211018332
2381205017848
2490720013902
3610924017661
3911213011683
4770903014336
1410722013423
5150628018978
4150214014514
4161216018937
4550720014970
4990528019348
6560618010738
1650519013411
4980206013560
4331205012671
1060407011187
6030510019170
1690429015092
1350424012918
4721101019946
5121203014827
6521105012930
6820202019041
5351014018836
6700915018698
6980110011240
6480225016539
3280130016382
6451024018244
2151025012568
2201104018175
2150626016679
3660721010832
2050810013367
4801226015420
2270111019281
2800530012963
4780817013700
1270215013222
4721010014826
6020820018789
6230111019628
6781231020046
3090314018141
4860325013974
5490830015415
2080512013549
5760413015256
6831010013168
5790827013108
1330306019070
6980701016644
6630807017710
6211016014885
5100122018760
4620508016917
4020227011803
4410222016077
6650618013932
3430830018153
6850207014211
3400730019756
2560819015125
5650406017335
2970720010094
3160825016671
1721004019934
1460929015136
6350209018605
3790818010665
1410925014139
2980822019096
2340621018980
5300811010074
6301213010623
5651208016223
3560613017300
6380118012500
2230829019697
6401107013818
4051016014514
2260304014347
3870521011454
6181115011675
5710218019818
6410321012905
3000727016026
2230911015742
2560926013111
3760319016741
3070103013949
4970519014846
3131208019285
4950331012722
5610807011802
6630624011029
6761229018512
4200331014971
3850326012432
3380325010541
6570327012029
5530324014609
2560722010910
4670221015577
6720126014128
2300926015050
3511211016873
2330419013160
4710327014051
6640918011877
6950904015498
3910122011771
6551031019108
3490702015288
6691106019083
5480509013942
2510823016498
5011017016402
5171107018523
2090815019235
5230503017272
6970521016136
6261207014387
3400706017072
1510611018428
6931208018710
3030702016257
1151214012903
1770422015275
1760621017165
4820220012524
1430225012255
2290614012139
5620705013466
3280517016099
5370427017438
1281007011671
5241026019647
3330510017359
4471224011026
2670421013632
4360729019164
3620918018023
5541221019355
5490531012254
3901115017891
6580514019992
3640104018835
4451218019786
2861128019980
5880531019600
5020727010224
3350403018453
3620901017949
2240620014223
2010805012825
1790404018897
5330126011828
3990930013474
1921121016977
3800206016048
4330904011787
2580223011753
5251031018351
5800125010301
2520412018506
2020414016345
1611026015605
5270528012346
1610406017215
6660206015963
6240731017154
5180321016150
5940109011085
4790909011791
1770909013990
3031020016622
2630426016634
4400723011022
1320713013076
6931114010518
6600215018938
4961014011038
4621019012226
4340915010756
1711127013865
5920108020010
6170419016696
5030305011264
4870808013834
6800102019576
4120618015902
6040713019277
2660705011834
2211024010573
3950205010541
4490806011145
1980325015493
1930512017837
6550502013012
3830423011394
4290105010628
2130322017513
3120707014282
6130614013967
5490722019801
2920829014553
2580906012435
5540616017437
4430322017384
1720606011090
2120721018529
3100311011920
4401229016589
3171107011503
6840415010332
2560417011407
4081212012155
4800131011849
2061223018686
1230604012770
1761213014417
4111030017040
4741014015699
1470407015297
4570103010368
2140227012816
6830715014652
6931209013135
4710227010944
3030501015701
4701231018150
2120301016071
4860420019965
6980319018695
6491126011367
4441220019071
5060226018781
6041128010146
5381007014611
1120409016830
3910726016606
5411115017000
1060612012221
5520526016087
6500821015206
2470822015097
6350102015796
5800406017233
4621205015204
1580923015370
5840403011428
1760716012916
4411231019687
5230311010576
3880325012739
3500814011908
4081023017239
4941216011332
5920429016778
1810719015683
2480430014261
4290113019937
4530311018676
1480202019554
3650608015034
1910507018043
5141110016020
5111003011966
4040122013094
4241023012026
6730411016881
1400808017095
6550808012450
6030219016823
2330610014378
3711214012639
2490715019385
4360120018754
2820211010184
5830526010276
2740225012686
6290918012104
2550618019845
4570221012674
4860118019012
1610308011357
4201203016309
3200401012573
3250406016857
6180106018635
3970214018764
4331214011016
4170908012862
2580915019567
1411008019032
6420321017654
6950604010940
1500923017531
5260808016730
5771230017784
6491129013967
3591008015458
6470706017778
4691216013066
1381020013052
6410919010097
2540705020030
2530216019398
5100105011888
1500804019823
4030517019287
2541031017652
1110209013938
2081017011840
2840427014447
6010104010215
1120505014030
4750507013423
1960901012036
6751026010263
6480722019959
1401203014262
6080411017039
5930423011711
2910527019831
2040307017123
2481005013123
1020820010091
1271207018319
2470928017365
4890615014800
2810206019332
4670728015488
3630901017759
2550711013967
1240626012641
5020129015148
5770725018624
4110122012361
6860313016034
4150207014360
1701113019843
2690211017433
1930922012229
3580404016613
6871117011738
3260110012925
5590414011230
5730627013763
2850207013948
2710224017990
2990617017490
3940426013794
1930621014431
6230627010609
4530421011581
6850724015857
5280820014871
2650128016850
1281010017829
6360921010487
5441206016949
1550824012443
2640324017611
1370729014504
2030718011886
2460225018254
2210820014613
5870602019104
2431004013343
3640210011130
3530109016902
5570809010169
4100528018736
3371023014630
3131123010520
5860325014640
2270205018778
4230819015145
4941110014697
6691022010969
2910804012857
5090816016148
3750414013061
5350630015533
5090427010711
6830530011677
4990105011298
3801015011255
4470504014870
4650503011517
5780422011781
1280118013271
3810709016740
4150117019499
2431211016750
1720901010458
2360317011393
2010709010244
6720908018388
5150714016915
1060817011563
2501018012826
1990427013855
4230429013891
6290210019333
4701128014307
6160614014545
6481207017170
6390303014141
4840918018928
3350909013481
1890430010125
5390901015088
1321104015521
4630905018473
2351218010034
4911214017432
1440923015589
5520403017038
6541023012505
2940411015879
4640831014938
4590127014940
1200716010971
5421030019159
6361026011340
5380309017091
5460213017433
6250906017776
3770524014896
2310328012705
2520718017178
2060416012481
1690311018432
1250504015774
2851001012132
2441117013338
5360923019341
3380128014004
2611116014932
6920902019677
3260427016861
2960103014430
1330607013136
3070312017797
2880811014918
4541124015128
2901201015805
2750212013728
3111019014368
5990803019391
3820701018702
5560112020027
4660228018518
3850814019307
5291113016466
4890807016221
5641222012989
1900612015809
1070801015482
5711128017738
3601020018390
1901118012505
6740926013655
1160827018460
5130126011220
3411001019121
2780507015663
4250609012431
4801219017874
1461020017402
5900703017906
2590316016334
1761030017766
1310727013809
4340216013213
4010729016197
6871225016251
6961201014612
6280606019273
6241231019231
3411003017826
2991011016410
4421023019564
3110213012170
2950326017426
6031114014862
1680808012594
1701109011728
5780415017587
3710610016776
6600305011224
4730224017972
1180312015246
3070608017210
1360829018262
6950910014134
5660916018938
3730310015236
1790214018806
4020801014367
4100105019851
2860622014782
6470619018523
5520115019736
4940423019686
3410428014023
2240218016496
5371024019537
2960506010128
2031004015150
2570304019332
2851113010560
4490704019341
1820216014629
3420125018474
6481117013524
5960208019253
3800602012604
3491128015135
2040831015764
3140907017772
5630821013734
1470127015318
3070909013603
6240204020014
2540204016226
2040709015948
6620302014606
1530202019640
6460508019948
4540220012220
3380829011237
5180313015699
5180827019904
1020329014290
4690722019229
4260630019332
1480321015091
2300621019832
6310828013043
2060106014198
3901017015833
1900710019375
5660213019301
3350927018519
2871228013034
1411005018930
1890505012367
4590217017675
2870529015061
4600202013824
4040311017401
2541108019231
2680523010620
1010504016308
4050709016570
5150930015903
5290916011976
6340401018912
3070710017698
2400315012422
3331224014605
2910626011531
2570127018156
3981015016212
2940826011380
5220204019192
5680615018589
2431017020025
6380520010159
6720901012533
1761122018837
4800927016261
1640112015289
3610722017409
2360811016408
2180522014552
5591002017557
3130913017116
3430714011628
2490313010326
3450308016331
3750224012059
4300628018963
5710623018639
1910424010279
3501229018782
4050208016138
6860818018729
2811214010760
6020424014201
1370826011982
1350720011692
3390213018096
5971102012656
3490528016429
2761022010289
4810405015981
6610215017420
5180104013030
5800826015920
6860426010650
3220118016832
3540820012091
1730518013499
6410201014915
5350602018276
5340120018920
3310626013631
4010731015007
6270711017761
6271015018422
6780618013846
2690726013741
2121119012446
4301218015528
4021122018805
3360214013146
3830711011618
3800702012651
5660601014936
5110804013695
5290418018486
6430123018544
4900116016981
6481219019792
1860227018009
6911011016731
1481119013117
3270216014845
4490124013656
4900507011969
2841221013830
6400317019031
6370428013201
6900821017965
5890601014840
2490503015308
6780305010590
3481104015778
6191121011829
1151209015888
1700917016548
1091027013808
2330525018791
4920104019825
5400817019224
5710519018777
2870103019345
1410419010851
1830517019090
5761214018202
6840907011192
4930814015876
2780205018593
1390824017540
2840623017358
4390112014372
4920831013053
3571024013474
5070704012138
3490723018867
5640213012808
6950807010642
5930629015488
3660124013900
1461009014643
1770512016612
6180211019319
5840915018860
1141029019105
2800729019306
1770204017218
4841230013821
4810121014582
5980519017482
4260812014173
4100226016123
5181231011965
2530524013113
4260904015005
4450116012079
3640125017365
1700914010056
5600317013744
3151009013875
1700107014322
4070512017060
1780313016680
5210210016758
3521218018356
1190404014494
5130421011993
4540428015211
1490127012778
3410127019129
1580410012066
5360704018045
5280306012833
1760503010449
1040909016287
6761008017047
5001104013935
3820405014049
5921114019560
3661117019046
4441212016530
6710912010800
2870503018998
4730714017392
5960502013209
3610718017526
4420130019325
3451018019177
3770919010059
1820324016071
3850926013022
4560103010222
4250514015229
4270202016031
1650607020021
2220211017668
6890522013787
5980218016003
3670307012982
2860908015296
6370814015079
1870319012559
1050322014141
1470918017295
5960828014006
3560725016382
5580818015063
1200824019352
1360629012456
1360521019116
1410920019923
2320210016061
1851107019762
3040117010645
2160917015289
4151017018127
4660212016735
4210525018498
3640114018634
4990527012643
4590529012406
6291224011116
2911210010610
1360117016362
4730125010897
1470402019105
1740526017312
5110122011080
6960821015216
1050324019697
5130611017921
6110915013328
5320714018367
2150928019720
2510904019591
2260706019121
3590518016901
2390820018077
3651030010131
6790501019453
3850725018285
5680713017644
5520717014737
4521214019747
4650807013908
1530420015614
6811228015168
4510826013546
6400106010949
6280319016124
2490122016543
6711206014678
5930627013967
1830924013771
6031216014933
5590706018511
6480725011291
6710218014355
3091110017853
2060525010827
3820311015292
2500204014914
6180228010129
6100511017806
4120829015917
1251116013638
6080325018615
3280419012276
1600316015146
2510626017118
3630520011603
3350523019534
4930528011560
1140911013256
6751009017249
2080503014236
4771118013661
4801108010796
1380303014122
3020111019275
5981025018992
1140305017593
2650816010758
3650427017819
4090730016535
3300310015396
6381215013366
2320228018812
5880417015408
4760206017672
4550201011838
4740607015684
5201024010542
3630128017536
3880619019067
6680513018023
3631019015971
4380531013230
1840719011761
4870922017488
3210115010822
1751026010572
4050423018082
6770302019068
6890122010903
2800908018282
3141222018819
1361101016523
1270116011984
1130627013035
3320330015086
4730410017688
3500520014479
6810511011009
6140606011293
1371226010640
5501004014154
5580913015022
6331202011803
6850304016402
4350217010122
3380429013145
2520217017721
3961004017075
5320116018778
5570527014686
5901006014081
3850409019105
5240303018351
3560224014620
3620209010067
5880216018318
1661231013786
1680724015651
4020204015040
1170715018894
6210825017032
4280917016172
5520526011969
5200915012427
6360213013383
1250116010779
5721024013372
3661109010060
4181130013123
6901003017273
2640220011881
6571203010855
3640222012290
3501227014719
1160703016552
4170518010126
5731216012959
2740326018929
4260227013027
4980107012120
6920604018148
1331012014240
5430914015862
4450620011089
4790825011070
5151205018419
4370428012635
3381114013585
6300321015065
4530312010085
6490503014491
4090406015993
6720516017382
3810130014401
4220227015596
4570407017898
4251219014690
3420217017486
3250118018521
4640811012936
5510806012711
1850706010217
6800727016788
5000603017018
6400213015817
3770913018621
3220515012017
5890720012875
6791109011887
4991127012137
5101019016428
5241109019120
4390615017010
4850515019486
6430610017241
5480906012035
2200115012473
2420810012119
3580710012306
1820518019169
4180429010870
2570129013030
3761227012512
4570307018729
1480913010923
4600502018821
4850716016273
1310605017696
1680331012866
2910921018672
5730402011897
3770901019821
4540516013152
2020821019293
5860722017429
5780901018992
4420102013342
6841013014083
6130629017551
3810613019895
3371220016227
4681126013671
4181204010772
1420223019628
4690926018684
2620429012061
5380824018632
2440426016578
2580829018761
5950313015805
4540225016477
4190504013519
2970622017260
4110930011861
4441111017797
3600422017530
4210726012631
5801027019018
3890508018038
3190616016918
3070422017272
4121008014098
1200518016595
2341012014960
3790616013361
6520710018658
5931201019523
5081017013990
4320809012747
3280824010329
4830617017586
3870603018137
2621026012560
1350327019703
4311001010806
6851216012357
6971116014495
4481113012888
1000416010114
1550604011976
2741222011459
2950910013533
4960815019974
4360611012404
5301003019018
6140329010239
2750511010863
6180717017295
3531012018764
4320731013327
5221218015475
6011012017107
3931118010846
6081003010524
5540308011328
1181030014625
1060328018949
5310902011492
3681007019068
6800808011537
4780626016128
3390725013077
6310219017219
2280407018794
1871003014159
6850926017694
2400304012352
4581213017660
6400607018177
3831021013077
5071107012009
4940924017365
2171009019309
1070411014557
2930707011309
4240710016855
5771105019708
1741031013805
4090919010503
3240727014164
6980418011464
5840124019335
1550224012571
5070719012412
4300818013162
1940515019742
6821105011743
3460708018182
5820512018851
5430620012605
1991101018624
2680716011895
6950624010290
6550923011502
5850506010298
1230628013305
4550312018398
1551206016027
2700618014196
3410829016941
3771122018109
3260911014385
5190611019672
2060507019882
4220127018789
5640716011938
4430719012479
4781230019237
5290314011632
6600326016904
2390930019427
3830212011436
3830604018784
1750414013575
3010501018623
4170620010660
1631222016035
4160920014666
2281224014979
5471201014697
4470425019765
1770907013841
3570512013811
2341202016502
3260104017505
6560223013544
5330422014832
1490818015237
6340217018884
3321211015219
1701001012292
1930405011057
3520815013656
2990331017382
2220531013915
5470930017394
3330122017773
3800420012894
6330628011634
1110920010542
3871017011701
2640925012501
3130407012322
1100805010475
5950530010083
5630908017667
1351109016677
6150118016881
3750610015329
3130927019876
6120213011274
6010913019983
3140907016187
2930912012253
1770719014226
2950828013620
3850921013614
3060208015989
1970826017994
4671005014408
1980621012243
6720612011990
2450627017840
3401117015785
4050322018833
4561108017639
3890521016920
2280721013643
4110430010249
3940216010731
4560503013295
5801110014840
5920312012440
5630818018139
4800312012851
1750205016991
1640621017342
4241202018461
4751026012667
2500722010221
5531120014312
6100820019385
3070624010627
6430324014330
3541031012345
5620717014997
6710727016922
1350326011997
5410511019699
1980318014977
5550620012127
3710214019432
5980517017155
4080619013144
1360518017120
1000927017655
3190709019061
5420827017032
2390208013105
4020511015625
4310405016854
4541005015631
2820610019938
2540731012719
4840118011083
6380628012495
2530102018358
6760926014724
2261009018578
6391107019799
5920920015593
3391123013643
3601002017771
5080918011222
4490212014194
4681231015233
4230918012849
5560613017763
6160922019339
1420516018891
1080409016062
5150227018411
3701019018208
1480628016113
3580613017146
6230322018104
1580327012938
5000619012909
2690523015222
2280214013886
4960725011729
2511106017281
4480711012419
5890119013687
5421027015227
3310705014775
5650721017041
2720408012033
4890420011521
3010718018433
5920123016141
5440729018949
6581009018038
3200121015520
2540526014152
5901007016229
1070815018839
4710202018664
2021020019869
4040413013558
1390304015125
1120816016026
5520422017173
5120806019941
2020808018521
3951113019066
1110225018028
3061029015554
6850103016052
6400630012323
6061111014267
1510307018022
1060702011723
3590912011771
3171129019041
5880128014968
4161016012358
6341205019277
4220317017418
5120704018116
6870408012192
4710726015290
3621121018451
5181209012319
6310614015666
3010626013885
4451006010761
6500408011394
2260812012079
4350904012891
1580226016016
1461218015163
1140701018976
6190320017734
1430330013624
1740221017899
2250528010877
4121108018092
6720715012951
3070825013229
3600306018879
3151116015035
1520414017754
1590901013073
6351013013886
5800421012157
6590501019451
5540302016810
2270926012321
6480125011083
3231219017657
2010521014104
5340826013794
3680915010301
5180828013473
2090702017544
2611005010925
4220407018050
5150623017636
6071129016538
1521015018057
5230228017825
6881004019744
2810228017547
2600901018576
5530525015648
2420128016744
1141203010832
4630304017035
4970623019533
1740802012339
6580331017739
6730918013339
3580810012263
1711005011588
6710225019402
6440404015757
3591208013660
4950505013559
6620310011984
2370717017035
3471031019174
5820127012970
1900805013789
5190603016288
2450802013473
4270626014671
3170125010828
5271112017969
1270211016017
1061012012743
4920518012581
6580916011845
2891026015438
2800617016951
2680921016685
5580916014397
3530509011328
4680524017226
2100416019944
1220318011928
1200405017692
1200827019004
1151201019245
6191226013490
5470402011887
3530929013887
6350114018185
2881128013381
5680613013481
5190216010921
4500906019236
1441223012861
1740312019959
4740318018719
1881020014036
6720804018596
2181007017093
2080604019287
1901217016733
6821115011687
4521125012223
4660914017227
2720415010470
1551222016126
6421119015232
6011010017364
2290623011575
3500111010313
1830918018599
5670312010326
2071029011223
4501114013681
2590807014978
2000317019550
4301218014147
3160219019017
2060810019699
5841215018740
1910509011620
1890110015149
5951231015232
6090802017448
6230523012516
4680816019603
5820710017624
4881111013386
1420415019543
3600625017153
2420516010357
6960608016097
3140315019767
3350610012436
6330302019833
1411020012515
1180818019171
4520501010802
5351218011128
4050917014637
2840125011731
6930907015859
5010530016704
2090822016939
4930120018992
2850814014683
3040316014729
6531221017599
3910104015808
1400724016956
1460315012842
3160907017056
2900527018864
5520429018080
2370125013213
4031215019305
4051019013977
3410814018041
1790610010686
2650524015759
1310401010661
3170817011881
4960626011920
3190730019975
4430614014012
1421111010763
1810704013629
3120612014345
6530322010178
5900529015192
3540202011881
1441024015301
6961104012814
1670815016224
3290722011688
4440906015863
2061023011598
3540131010207
5321223018229
5550801010921
4540525011530
2471230012448
3101205018491
2400401019076
1030916011211
4260622015116
4460403011684
6880829010244
4910321016958
5000706015920
6870517010538
4220815015533
2281005014392
3780927010507
5240722010225
6920502017245
1800416012460
5680130012744
6540625014784
1970707015654
3550509013927
5680331018797
5720403013339
5500908010162
3870214011104
5120716019436
6881130012601
3261217016477
4650903017349
1510513015907
3390306014163
5201113013219
1471118019852
3161016014168
5610102017089
6610510016821
6790202015131
1770521016467
2391218017212
4740101018935
6160118016546
1620317017566
1520217012368
5640420014731
2590130014350
4710407010808
2570816018429
2350301011453
5860617019166
4030224019910
1401126015884
1771123010370
1541231012086
6130128010121
2140327019130
4120403018381
5530812017300
6800824018518
5720210019734
3110303018681
6401104013027
3641007014048
4180801019289
5521229012949
4490721017079
3840606016223
6911227010791
1100617011117
2071025010119
2970630016763
3610208015979
4220204015064
3100704018439
3820218013263
5730822013951
3800713019032
1590215014836
2450215017172
6790702014361
3721006014797
4490929015849
2561030015179
1771012018206
3301022014352
5170331012190
5940806019646
1080124014638
6940905015046
5670612013736
1491112015574
1300911014422
4800117016823
5450622019493
6111031015456
1690228016718
2281227010989
6790530016340
4630919016645
2900227018793
1130317016875
3021209017282
5930112018142
1661011011600
2830906015135
5830124012048
4910521016297
2670602017725
5110120018265
3270819017418
5640219014289
6661111019267
1200114011007
6220117011649
5090120013221
5121119017364
3851031015800
5150808016550
1590113016418
6900907014113
2450207012212
6060308016836
3241020016579
4080513011550
4130222016614
4180304010412
1040209015694
4890227014193
4050603013257
2961112015072
4361224018457
5260718015202
2740126018749
2880206019036
4670706017442
6801223017085
2300716015181
3940618019926
5770311012923
6190208018606
2030420017702
1670115017936
6780923012012
5950504017148
2190508014713
6370310016227
1110303013303
6690809012702
6870425016970
3091214010524
2900121010082
4310626013171
6390524019498
5081019018503
2571106011270
3600425011863
6080309015278
4681110017824
3710814011059
5740313014432
4881125018991
6341203013684
2870220010481
4240917010689
1920103015582
6550813018810
1710207010333
5030419013867
2140224018125
4300531017830
5220614016034
2940422013229
5901216011406
5330101011608
3081215019208
4990425016499
2470815017740
4661216012036
3710616019008
1010321010648
6511221017911
1341116015774
3210726016443
4360816016920
5460625013660
3890516013820
3300615010030
2650304012302
1040422019124
5090127013634
1271212013400
3830729013956
1301110010388
2431109015619
1461023015605
3440113012309
1570404014654
4241211014725
5450803012610
1660630016036
2190618016212
2841016016003
3390217013633
3110513018864
1341014018932
3220910017855
5550615018820
2400205011900
3170912014252
4830918013081
3630324010729
6920503019336
3760223017501
2850919011091
5790512017081
2040418012740
5480220011515
5270224010730
3310604019901
3760716016351
1821020011890
6131114017664
6400212014760
3890221015837
3660829015117
4620429019766
5900711019953
2870401017500
4490710017874
2790221014487
6431211019419
3251011012001
4770409014820
1050829019270
4780929013726
4200415010285
6600524014645
5340406017612
2090526015825
6370928012923
2980922010178
2531223013123
5700105011940
1130713010645
6290607018024
2190509012960
4090906017113
1920209019301
5891118015285
3361018011887
2820301014649
6980923019080
3950123018234
6120630017766
2790930012795
3780530015649
3220327012729
3520108015010
1260919017517
6830120011178
5570826010348
1560708013940
6960806015140
1051124010788
5510922015366
5341102017428
6630207011665
2701114018877
5520429012410
6080120018731
5571226016426
4520426019235
4961129012270
4590523016843
4860319011448
6350709019925
3271006018342
3860301017848
4981128015013
6840516012358
4350406017849
1100508014782
6360629012393
4770922018297
4100814011446
6870523016576
3361007014618
4990509018460
4360714014004
2080411016348
6780420011859
1180707018694
1630828011950
2680723017730
4340511013931
6301019018051
5601120012802
2720603017454
1830921012565
2480404011123
1501025014333
1340204011543
3950721018664
2590620010552
3501030012821
3440110011171
5541220010400
6920720011039
1491018012126
4610207010210
6070323013956
3211111010426
5320722014033
4130517019681
6920623013862
3581030011773
5011114010080
1860825011851
5630801017872
6391120016949
6230514018669
2780313016288
6360520010629
5130120016636
4091024018960
5480501010955
1790817011562
6160614014014
2100111015168
4321111013184
1391024011424
1840604018535
1610525017285
1800110014420
6910214015330
2090731013755
5160608016222
5681015018639
2300725014729
5260531018244
2920609016180
6710412012270
2320901012020
6940101016329
1950723010061
2610129010470
3710815013881
3740817010692
6550918011708
4420920013675
1600309018083
3140129015316
1381029019370
1840717012198
2360724011070
5151211014917
4560716016831
3310303014701
4850222015014
3690123017559
3000715015828
2180613013820
6760201017634
4690815016207
1300421015408
2240826013127
4651230017936
6270831010678
2900423010827
3370619013257
5070715018045
3080505012808
2200920019732
1051219015227
1820521017530
4270319015039
2190403015563
3510305014222
1590119015941
4720116010437
3151127011178
1100504012822
6120821019265
6040506018669
5540105011222
1370330015662
5300927011959
3040114010653
1210820010182
2211104014666
3901108019649
6020526013732
5380405013297
2450823011406
2991122011002
3211102013820
3851210013595
6200930011975
1070226017654
6530626010073
2831104016272
6350913019439
3550801012989
3521223012425
3830314013316
6460320012020
5991019018559
3990226010513
1080105012545
6801207010787
3591011010906
4021201018019
4310705012741
2191206016735
6151104010748
2520805016758
1390828016284
5120529018514
3450715011027
6750814016688
4860121013327
2150810010938
5390717014630
5930216016615
1640724011731
1400507018867
5521124012763
3060223010981
6290122013327
6070703015420
3771223010821
2650112011322
1240819016289
2570707012064
1861129014459
4501218012393
5600712019075
5471024011877
2270708018764
5010914011628
2250626014206
4710104012411
2181212015807
2850905012939
1531205013335
3130726011281
3700515010189
2440714011988
6080915017340
3240509017130
3751026014218
6001102015374
5720707013357
4700803015992
5501214014337
2190917015808
5820425015581
3540426016244
3670710013678
3150816017333
2670115013127
3461104016485
1900929015798
1790606014941
4100125017423
2331206018575
6630313018231
3390731013410
3270619014246
6110201014027
1520418018612
3610730017465
3810928019254
5980405019634
6891123010973
2530505017924
1081026010265
6261004013146
4091014018476
5930801019047
4070713017232
1570608012770
6950924011000
6640202010032
1460812013922
3770515012648
5640123018377
6781216013617
3230928013839
1760326010272
2560517015537
6070212019331
4730827012056
2490214015050
4950131014129
3170722019469
5310611015337
5811031016283
5700119018535
6600211018304
6060419012297
5270504018895
3680927019008
1170217019343
5100522015783
4570415017337
3220813011144
6141004016741
6760117011926
6250820012553
3730524013566
2560913018338
3171209015095
2450306015821
1481224016308
6120131015782
5590108015640
3570122017028
3930915015416
2751225012666
3310327011087
5350806010733
4690315018843
3210219013705
3620930019448
3730616018450
6020417011828
4700304018833
3520911017466
2451014013087
1380521018521
5080604018671
3770115017513
1471009016835
5211027015674
4221121014275
3080303012086
1540811016890
1530420010374
1780320011471
4880411013702
3580613011992
4320804018421
2590413010484
1600914017859
6370317010768
2610607011112
5051115011760
5620805018415
4750402018637
5430724014836
3821118010967
3400203016221
4240410015638
4230511019340
4941026019170
3300331017996
5920714015482
3851113014262
5801122011816
4331125016529
4521205015675
3200226011959
3390415012002
6130717013433
2560524019436
4380927018086
4340810017823
2521212017943
5281202014225
1610317015451
1860209012398
1540708017986
1720812015273
6070214017408
4750605014649
3310116013445
2290805019238
2150330017986
2110213014261
5680930019276
1690809017298
6660803016181
6410810016396
2451101010597
6420407013778
4080909012650
4661117013647
2140619019773
4560527012379
2750501011773
1220329018531
3191124017736
4090209012620
4280205014968
1630928010836
2790327017071
6421102018058
3710903014028
1880513011970
6850912011233
1031018017626
2741221016127
1251027012188
5961014015974
2370719017944
4460611017759
6480706010289
5911110017428
5641110013448
3940723019407
6870726015569
4400801014222
2840425015839
3210815014607
2071229010865
6630115016014
1200729013844
1860308019440
3470616010454
3480719012920
5100924015161
1760509016042
6470731016314
1890211017511
2040420012452
6901208011296
5640402011539
3260305018970
2370329019080
5220403010296
4691114010295
2650107013339
3230322015649
4510318015711
1080322019810
6030421013176
1511031017626
3330620014931
5940724015619
3400114019561
4100405012924
1780104011695
5470917011336
3380413014598
4730228012870
1220926012686
2110609012683
1760424018222
1211215018391
6430119012745
5581122012879
5171112019498
1080311010531
4630701010751
2890813017722
4890325018914
6111114013724
2630823015298
1081022014421
6991201013671
1310819018535
1700514013628
3390608015134
3520710019252
3090519011914
2851017016389
3830715011971
3211120018074
5110721018272
4510523010625
3370903010744
5910331019985
6500928010512
4560302020027
5731018018875
4830325016660
5630923016031
3240324019834
1990712011962
5140901013887
5970329011351
5780501015816
1611002014587
3570723011545
2081222018933
3490310017913
3821107015127
1030717015956
3650925019892
3871119015394
4930429011918
5410409012340
3731112013683
1160713016867
4770707010099
3481021016608
3110710018178
4710209014228
3820726010723
1491221013786
2911102014177
5840815012111
3181106014315
1760416019775
5861016018438
6180420012270
6850721017900
1851122016958
1741214016431
1291003010768
6910514010038
2051111010438
5290819016983
2721006017033
6331018015801
1731219013531
1500115014025
4630220016909
2620911018579
1010405014128
6260903015794
2970315011567
5230116016315
2670613017134
6950915019335
1660414012214
3021123018032
4220604017340
4461111018453
2600621016617
1140310011618
3390924015102
4630124019814
1910412019656
3810806019170
3220715018444
2330109019577
2270220012444
1960103013404
1890912019141
1950512017760
4740811015446
5320423011726
4210112013452
2260813013204
2620819012692
4801116010470
4661105017984
3370829018208
6080719019623
3250714013979
4001127012095
4440926018598
2020206016298
4450523012033
3621107019063
4640420012572
3820512012933
6300319013665
3330814019390
5360624013265
5781103018436
1190629014795
1130728014227
1981031011271
1271206018274
3021222014981
4391117011533
5571209019733
5170912018280
1310804013862
4870320017221
4551030018677
1210515016099
1050123013023
5651227017473
2321127011121
4660222011024
5840723017946
6080429013918
1440218010750
3770312012507
2710513019152
4410810018609
2700319016466
1340416013550
6731112017723
5360108011126
2080204018517
5320103019338
1761121014461
3930902015166
2880202012282
1040813018103
6510916018239
3640828019096
2901220011824
6080905019677
5330328014025
3290926012673
6850514015270
2741122011537
6470130014632
6560816011034
5970401012218
5091210014728
2510312019224
2840402016071
4330228017838
1650811015307
5820913010433
3720609019845
3060829010723
4170718014312
6420309013711
2250311012419
5910918013092
5490618015206
1521216012491
1340619018637
2280427011879
1520705012100
6221016017351
4000505018179
2030107010036
1470608017258
3940117019042
2220915015811
5170723010654
1481108015556
2600124016986
2740623018391
4030918014197
1311012018196
3370926014966
1291202019216
5141208011842
4850918015004
6150523013138
1580413011237
6740109017786
6470117015614
5270604018650
3380525016964
3820326014477
4151002012936
2010912016424
4790903011269
6230503019343
5511028012214
6920807013394
4150124010040
1930524015511
1370416015465
5321214012625
3540224015531
4100427012827
1841016016924
3201213012340
6730529013585
1020716019530
6000815017689
2160923017670
6810815019902
6310706019336
3410710011758
5820113019107
1541117012403
6391112012351
5740516013333
5361209012949
4750505016705
6110425014024
1000829019366
3541026015172
1460110014758
2180528010161
1580810014105
1671229015640
5270723012466
6310708011879
1380605013027
5941014019728
1280831011361
4430404010512
1120603018830
5390215014026
1910818018979
2930718019960
5330402019677
3110813019530
2321017017529
1160719019314
2091010013522
2470505017534
5290519012594
1911219014354
6841021019906
4591218019139
1630816016838
6500619011848
6630418015370
6361020010322
3250630016250
5470518012336
6551031010740
6431228013074
1880131019065
1790127016561
5530430013426
2630901018647
1431123019102
6590606018410
3110822014593
3341110014185
5490128012827
6141105012267
5030710017505
4920329013235
3360420015753
6500413016878
1770911016178
1290204010546
6720105017747
1360416019995
6220519017683
6111126014337
4040612014134
6470204012900
1800415019196
6370227013446
3291129012399
6970323019556
5700725015155
2521024013389
3280514010303
4650222012854
5400918013839
4470126013610
1660716012601
3561216017985
3060914014801
6250130015752
5250423012101
1630106019969
3630510018609
2331105019530
5861006012813
3580505010341
5570614019023
3120626015048
5270413015285
2480307013746
3860705015942
5191015015733
6150206018758
4970208010220
1481216018862
4080820015902
2480112019689
4721221014057
2790915014475
6590516018871
1470922018741
5440509012680
5900306014768
2010417018854
4970316019600
4100722020034
6700809016452
3451029011316
6900830011779
2061111010821
5571008011432
3750720019706
5080325010887
1270213019081
2680904015483
3631116011987
4981208014856
4130513012973
1371207016083
2720918013740
4101218012266
2120905016228
3070316016115
5130602018619
5350413010099
5690506012752
3520206013459
5710821012295
3991006016325
2011014015272
3790127017428
5770813014394
6430209017513
5561025019425
5781113016492
4651028014154
3401112017940
1250726016961
4320601014120
